--- batch 1 (250 ids) ---
13722,14437,15948,16392,18211,23591,25952,26170,30875,40083,254579,1075136,259796,346236,861965,878146,938767,1021530,1017836,25737,26236,27140,10365678,10454329,10454163,10883407,28442,29252,11165058,11325662,42137,250894,250168,253758,270999,274607,277108,291317,300188,321376,326457,325729,371605,373243,375944,965015,912447,973278,977365,1001084,1005735,1012896,1254307,1423364,1427086,1456305,1483860,1495816,11604,143295,17619,17303,24734,25645,10460270,10888787,11058504,10987612,11069459,11040348,11099262,11253850,11408860,43188,304663,336537,351432,364841,915206,24264,25790,25816,31252,23677,23468,249403,248517,258594,268916,279470,281882,287990,322002,963926,965825,978374,1003400,1028499,1137051,9113,10027,12616,10435136,11075817,11161728,37761,37508,47669,42344,269927,281559,284424,287472,293938,328196,376237,1676798,937847,974757,983493,986872,1011962,1029029,1029013,25128,11040356,106775,43115,294222,351491,355084,381173,381380,963779,968465,9093,15415,11416330,282005,283910,7055,7071,8460,7302,7679,8314,8669,11673,10460262,10973540,10987620,11052166,11093570,11090015,239730,244899,256857,314042,316083,330056,325974,335369,985197,998447,1009810,1154285,1558064,11124052,238532,290409,297693,19597,20555,23618,23534,35294,30829,33986,36169,47627,296859,300089,360324,374973,1189177,12327,13004,15323,313141,10951691,11053299,11097405,11121641,11332535,31576,238745,240491,243628,269614,289478,294334,907712,948081,951357,1037394,1039134,1037957,1254386,1440034,1592044,13175,20106,28391,10923071,10938181,11095697,11325654,11325645,11403618,42082,240946,243556,267937,294209,292433,310326,325642,337687,337793,348589,385048,1000691,1151022,1194377,1261605,1263249,1435744,1499631,1446304,1445758,1458511,1536458,11133734,262075,268927,272226,301389,306067,382180,963722

--- batch 2 (250 ids) ---
995861,10460278,10989649,11058512,11081231,11141446,11165457,11285137,258946,269273,280783,300335,315851,343916,345557,958499,1047733,9882,12299,44672,368619,376764,958011,966268,983428,996377,1018201,1021826,1027631,1045619,10590,12979,17632,17668,24075,10519575,10519480,10887680,10908334,11036039,10989652,11081104,11202738,11224347,11285144,31784,260047,266173,273564,287527,304749,331252,1395574,1417316,1423357,1475785,1487795,1547793,1559734,1561600,1597664,7161,7332,8979,10117,10855,10252,12280,15907,10461511,10869210,10952478,11145620,11093578,11106117,11123146,11128535,11138617,11149243,255990,413241,267457,269151,267879,844180,895056,1223029,1220921,1236085,8298,9329,401798,9817,9424,9736,10861,25388,26430,10898955,10883255,11283774,11294614,929044,41822,41191,40549,232428,253488,280812,291854,372408,384974,996485,1002815,1003993,1004030,1032282,1114881,342890,35190,41527,241008,250350,255570,261332,324276,352573,828694,958727,963558,1003706,1016587,9487,11370,10933,14881,15330,23845,11036045,11042560,11074897,11097431,11109092,11181071,11133744,11165536,11199349,11285151,11285156,11309435,11327735,11306635,11302808,38417,33053,37859,44778,314033,317195,336919,338558,338843,360926,361517,373601,959453,996683,1037308,1050410,1057804,1108061,1287075,1461297,23213,23231,24249,24419,31239,11121655,30618,37350,265980,267595,273993,642470,298523,989542,1064831,12267,15994,16598,11196323,11283789,11302813,11285161,11298678,38219,229142,228875,234915,282638,30884,26006,11291598,37523,267556,272396,274155,313900,331950,974943,993285,992208,1061844,1058589,1147981,1152416,1157199,15860,19772,19138,19155,25026,25427,10323614,10365660,10461464,10461456,10873175,29604,10894278,10936993,10958385,11065352,11067747,11152587,11253867,11285172,33521,801333,38607,38617,38593,40114,253094,282957,283287,344365,345679,359740

--- batch 3 (250 ids) ---
374920,971748,984807,1045204,1147596,1463003,1570686,1619004,1633742,8958,13111,722972,10331421,10331413,10386604,10386597,10435128,10461443,10951704,10987636,11082315,11072591,11263014,242273,280953,315159,988748,1019265,1037228,1129455,1159023,1176653,1174356,1182968,1436476,1449497,1492110,1509946,1501367,1549623,1558920,1584200,1679245,16408,16109,19462,23138,23387,23373,30131,10676983,33887,11159596,11183152,11192971,11200480,11327721,11659278,270462,281767,316737,321504,323094,355515,371195,376433,916492,957103,973656,991861,1059028,14468,13802,306083,18220,10369694,10417928,10976420,10453857,11107232,10883247,11179975,11231358,218391,285682,273583,315489,333831,368792,369977,379902,870102,861838,940645,973541,971779,992628,998806,1017725,1488791,1462576,1478584,1478784,1478765,1514331,1490106,1494601,1514928,1514753,1595258,9924,12137,158501,32379,10654007,10666735,11044837,11053341,11052199,11119455,11168755,11201482,11306650,11285183,11297238,42754,47552,72742,228302,237025,372066,238381,273192,362829,944422,949924,959644,980386,986709,989129,1003294,1008726,1047860,1219607,1219675,1227908,473756,39932,343038,344142,26642,10914005,10937009,10932473,10932465,10953845,10960163,10964484,10970994,10988919,11083802,11071800,11088088,11106711,11113415,11164471,11258203,11294632,41845,38955,361953,356507,1029891,27782,290814,357474,376929,401124,14584,17388,23927,26126,46183,46230,46340,1175044,1413649,15656,16203,19123,19357,20075,23282,30171,7657,8022,9287,10385,11967,15717,27613,29294,11075839,11128576,11301200,11224357,11314958,37256,47973,307588,376810,874273,935436,1008180,1011188,1011216,1036122,1033265,1469940,1470151,1529914,1565078,251996,268976,274494,322075,360599,11165020,302279,305573,318607,348747,1006805,1009371,1031289,1032324,1334630,1446679,1461223,245967,276962,10365,16255,16274,14188,17354,10280530,10369709,10638001,10461427

--- batch 4 (250 ids) ---
10453845,10471094,10985660,10907094,10988394,10970157,11318628,247636,266888,268150,285070,286553,304858,314311,308453,315948,342679,393941,359044,376072,1469766,1469708,1469814,1469854,1609767,13190,19679,23174,11179983,11295958,11342281,11362384,11231367,11200543,30013,78264,45794,241094,253468,257377,265936,273678,346806,373616,992246,992286,998048,1031066,1051050,1049350,1079629,1162188,1695112,14795,15441,19567,18589,27724,31678,30472,32806,46457,51790,54220,242719,261849,286222,291214,302926,309933,979816,979935,986502,1002458,1013527,1014522,1024384,1024116,1220298,10146,11398,33576,1163425,11058533,11061098,11127072,11158416,11143442,11158426,11158421,11311283,11301224,224603,228788,238613,256178,255836,714545,995614,1061740,1119487,1122610,1176404,9056,9850,13166,14077,14952,16061,16051,14611,11165066,33660,242230,243001,348826,859714,858494,905866,930462,1006005,1027856,10651644,10651636,10666922,10907086,10954727,10955648,11091056,362423,368412,953555,984878,990027,998328,1050518,1052843,1156438,24028,24763,27640,29780,35526,35266,36230,969812,982856,1028011,234649,11211,13226,925543,16482,28659,11052208,11326734,11069483,11081263,11081256,11095598,11161761,11179997,11263043,277487,879209,923016,939884,970018,980928,992776,1011824,1047619,1060030,1054709,1064839,1078733,1237740,1438743,14623,14122,17318,18444,16377,20370,23350,11081279,11185449,11196348,34084,41676,225661,235313,254248,253231,264968,280149,280672,296138,307561,1092326,957994,1015823,1047167,1038940,1069428,1176878,9752,9788,9648,9655,11714,10962,13393,10960179,10989673,11155792,11139505,11185457,11185466,11261369,11285302,11268236,283603,927419,1230719,1353817,17176,17184,20487,25775,25172,10888803,10923059,11312261,11322638,37339,281601,300818,380753,1129336,14379,15497,23787,29230,45060,250137,283515,291523,295590,316763

--- batch 5 (250 ids) ---
335506,342695,346691,353203,354636,357653,361468,11291612,375924,931614,963736,961594,978946,980179,1027175,1025037,1029798,1021434,1073644,11203,11101,153948,12242,12294,12313,12438,15366,16150,15556,19990,24984,40363,57311,72766,308307,290867,296085,310620,311830,310913,315671,378115,267405,268462,269447,974779,947862,966665,971307,980829,985933,1020096,1014334,1014209,1069951,1149034,1186906,1194001,1547687,25455,27032,26688,10927915,10968681,11046754,11061110,11263058,11263054,11298364,11302831,36269,38395,42930,266209,267706,291219,295960,300034,306383,342338,341787,342274,342911,347408,348487,374293,381305,854993,914208,873168,871899,895578,926577,931215,950330,1001329,413871,12195,15674,15959,14561,16666,19658,11141804,11314991,41256,367563,997517,1032569,15756,16437,16335,18379,32117,36757,11192992,11204506,11330623,291134,297162,298453,320487,336502,346349,365355,384344,928920,991768,996107,1000359,1003730,1591979,1015812,1021751,1023583,1039632,1142635,1263423,1494216,13454,11633,11335,13436,13550,14339,14815,15474,264213,278511,342517,12028,12584,14916,14224,17813,23112,25113,461027,10938775,11095630,29268,11200562,257191,260530,280770,285105,287510,297492,301663,297480,307118,23547,23517,23491,24147,26527,25185,23509,30142,11644610,11644586,11623370,31401,33811,34283,839474,851352,935949,961814,974714,1018186,1018387,1072741,1324187,245816,250181,251751,251184,269343,970943,916365,874879,892759,892771,900796,916399,951181,946980,947540,968225,983641,987768,992584,992613,1008547,1031685,1175356,1181679,1240482,1275415,1428762,992799,995457,1008024,1029048,1018523,10666918,11061125,11253968,11282437,11342300,963152,1063917,11036084,11081123,958026,968581,984775,1252573,1281963,11329794,11325622,1056183,1092019,1231978,10958388,10968685,11283875,11340082,11418499

--- batch 6 (44 ids) ---
11081294,11106158,11106144,11138667,11138657,11389611,10280538,10298439,10318624,10873199,10568658,11445225,10940178,11058704,11190394,11124942,11185475,38759,37076,240910,259907,269843,1486832,276860,872975,880643,884964,921879,1005122,1010650,1014117,1016136,1023542,1027315,1034852,1044538,1046899,1046736,1048378,1291638,1467526,1486321,1553931,1588331

